(1,(4044,7248))
(2,(3491,3634))
(3,(1102,3565))
(4,(3828,3416))
(5,(4173,3333))
(6,(3734,3277))
(7,(2385,3209))
(8,(4976,3048))
(9,(798,2988))
(10,(422,2874))
(11,(1892,2779))
(12,(1393,2756))
(13,(4282,2713))
(14,(1535,2706))
(15,(4760,2643))
(16,(3760,2595))
(17,(4644,2582))
(18,(184,2391))
(19,(598,2371))
(20,(3698,2103))
(21,(4043,2070))
(22,(375,2061))
(23,(2537,1937))
(24,(1760,1924))
(25,(2482,1910))
(26,(2138,1833))
(27,(4659,1825))
(28,(606,1815))
(29,(1257,1771))
(30,(4218,1746))
(31,(141,1628))
(32,(4538,1623))
(33,(4918,1588))
(34,(420,1577))
(35,(3826,1577))
(36,(2031,1568))
(37,(2813,1545))
(38,(962,1493))
(39,(173,1484))
(40,(2223,1456))
(41,(4079,1455))
(42,(1816,1447))
(43,(2217,1433))
(44,(2403,1424))
(45,(66,1423))
(46,(742,1417))
(47,(2468,1354))
(48,(1056,1353))
(49,(2418,1337))
(50,(4845,1334))
(51,(2669,1332))
(52,(4048,1315))
(53,(4648,1251))
(54,(1861,1240))
(55,(4818,1216))
(56,(4766,1194))
(57,(2273,1194))
(58,(2336,1186))
(59,(3022,1174))
(60,(474,1172))
(61,(361,1166))
(62,(4798,1163))
(63,(2545,1159))
(64,(1087,1128))
(65,(4847,1118))
(66,(2954,1116))
(67,(1346,1100))
(68,(4871,1089))
(69,(3578,1079))
(70,(2387,1075))
(71,(3971,1069))
(72,(4605,1055))
(73,(1480,1048))
(74,(2823,1043))
(75,(2676,1042))
(76,(4127,1036))
(77,(1,1028))
(78,(2206,1022))
(79,(4257,995))
(80,(4129,968))
(81,(4160,966))
(82,(2193,954))
(83,(1727,947))
(84,(2664,941))
(85,(310,939))
(86,(1310,927))
(87,(1487,915))
(88,(1200,909))
(89,(3859,909))
(90,(2928,894))
(91,(3623,879))
(92,(3163,878))
(93,(4287,870))
(94,(1867,866))
(95,(2677,865))
(96,(2318,862))
(97,(3173,858))
(98,(4427,856))
(99,(786,835))
(100,(643,822))
